{
 "cells": [
  {
   "cell_type": "code",
   "execution_count": 8,
   "id": "e50ab085",
   "metadata": {},
   "outputs": [],
   "source": [
    "import numpy as np\n",
    "import pandas as pd\n",
    "import seaborn as sns\n",
    "from pylab import rcParams\n",
    "import matplotlib.pyplot as plt\n",
    "from matplotlib import rc\n",
    "from sklearn.model_selection import train_test_split\n",
    "from sklearn.metrics import confusion_matrix, classification_report\n",
    "from collections import defaultdict\n",
    "from textwrap import wrap\n",
    "\n",
    "import transformers\n",
    "from transformers import BertModel, BertTokenizer, AdamW, get_linear_schedule_with_warmup\n",
    "import torch\n",
    "from torch import nn, optim\n",
    "from torch.utils.data import Dataset, DataLoader\n",
    "\n",
    "import warnings\n",
    "warnings.filterwarnings('ignore')"
   ]
  },
  {
   "cell_type": "code",
   "execution_count": 61,
   "id": "56275b29",
   "metadata": {},
   "outputs": [],
   "source": [
    "from IPython.core.interactiveshell import InteractiveShell\n",
    "InteractiveShell.ast_node_interactivity = 'all'"
   ]
  },
  {
   "cell_type": "code",
   "execution_count": 9,
   "id": "43e166ce",
   "metadata": {},
   "outputs": [],
   "source": [
    "df = pd.read_csv(\"/Users/souravmohile/Codingwoding/Jupyter/British Airways Review Analysis/ReviewData/ReviewCSV\")"
   ]
  },
  {
   "cell_type": "code",
   "execution_count": 10,
   "id": "e378df85",
   "metadata": {},
   "outputs": [
    {
     "data": {
      "text/html": [
       "<div>\n",
       "<style scoped>\n",
       "    .dataframe tbody tr th:only-of-type {\n",
       "        vertical-align: middle;\n",
       "    }\n",
       "\n",
       "    .dataframe tbody tr th {\n",
       "        vertical-align: top;\n",
       "    }\n",
       "\n",
       "    .dataframe thead th {\n",
       "        text-align: right;\n",
       "    }\n",
       "</style>\n",
       "<table border=\"1\" class=\"dataframe\">\n",
       "  <thead>\n",
       "    <tr style=\"text-align: right;\">\n",
       "      <th></th>\n",
       "      <th>Title</th>\n",
       "      <th>Review</th>\n",
       "    </tr>\n",
       "  </thead>\n",
       "  <tbody>\n",
       "    <tr>\n",
       "      <th>0</th>\n",
       "      <td>\"angry, disappointed, and unsatisfied\"</td>\n",
       "      <td>angry, disappointed, and unsatisfied. my ro...</td>\n",
       "    </tr>\n",
       "    <tr>\n",
       "      <th>1</th>\n",
       "      <td>\"ba now stands for basic airways\"</td>\n",
       "      <td>as an infrequent flyer, british airways wa...</td>\n",
       "    </tr>\n",
       "    <tr>\n",
       "      <th>2</th>\n",
       "      <td>\"a totally unremarkable flight\"</td>\n",
       "      <td>a totally unremarkable flight, on time, as ...</td>\n",
       "    </tr>\n",
       "    <tr>\n",
       "      <th>3</th>\n",
       "      <td>“ba clearly does not care”</td>\n",
       "      <td>1. ground crew in heathrow left 60 passen...</td>\n",
       "    </tr>\n",
       "    <tr>\n",
       "      <th>4</th>\n",
       "      <td>\"reflect a downward trend of the airline\"</td>\n",
       "      <td>london heathrow to gibraltar on 24th octob...</td>\n",
       "    </tr>\n",
       "    <tr>\n",
       "      <th>5</th>\n",
       "      <td>\"one of my better flights\"</td>\n",
       "      <td>first time flying british airways and i wou...</td>\n",
       "    </tr>\n",
       "    <tr>\n",
       "      <th>6</th>\n",
       "      <td>\"i would still recommend ba\"</td>\n",
       "      <td>i flew london to cairo and return in octobe...</td>\n",
       "    </tr>\n",
       "    <tr>\n",
       "      <th>7</th>\n",
       "      <td>\"the worst experience ever\"</td>\n",
       "      <td>absolutely the worst experience ever.  flew...</td>\n",
       "    </tr>\n",
       "    <tr>\n",
       "      <th>8</th>\n",
       "      <td>\"an exceptional crew member\"</td>\n",
       "      <td>flew back from malta after scattering our ...</td>\n",
       "    </tr>\n",
       "    <tr>\n",
       "      <th>9</th>\n",
       "      <td>\"even ryanair have more space\"</td>\n",
       "      <td>cabin luggage had to go to cargo, even when ...</td>\n",
       "    </tr>\n",
       "    <tr>\n",
       "      <th>10</th>\n",
       "      <td>\"in-flight service is usually weak\"</td>\n",
       "      <td>i have been using ba for a while now and o...</td>\n",
       "    </tr>\n",
       "    <tr>\n",
       "      <th>11</th>\n",
       "      <td>\"ba customer service is a disgrace\"</td>\n",
       "      <td>i flew from istanbul to london in busines...</td>\n",
       "    </tr>\n",
       "    <tr>\n",
       "      <th>12</th>\n",
       "      <td>\"little concern for customer service\"</td>\n",
       "      <td>i have flow on ba several times since the a...</td>\n",
       "    </tr>\n",
       "    <tr>\n",
       "      <th>13</th>\n",
       "      <td>\"gave up being a full-service airline\"</td>\n",
       "      <td>the flight departed over an hour late due...</td>\n",
       "    </tr>\n",
       "    <tr>\n",
       "      <th>14</th>\n",
       "      <td>“i hate british airways!”</td>\n",
       "      <td>i hate british airways! we get to london ...</td>\n",
       "    </tr>\n",
       "    <tr>\n",
       "      <th>15</th>\n",
       "      <td>\"2½ hours before the bags finally arrived\"</td>\n",
       "      <td>our ba flight from porto to london heathr...</td>\n",
       "    </tr>\n",
       "    <tr>\n",
       "      <th>16</th>\n",
       "      <td>\"left on your own and nobody cares\"</td>\n",
       "      <td>the customer services (call centres etc) ar...</td>\n",
       "    </tr>\n",
       "    <tr>\n",
       "      <th>17</th>\n",
       "      <td>\"club europe is simply a joke\"</td>\n",
       "      <td>i am a frequent flyer with ba and have be...</td>\n",
       "    </tr>\n",
       "    <tr>\n",
       "      <th>18</th>\n",
       "      <td>\"very second rate shoddy airline\"</td>\n",
       "      <td>flew with ba to punta cana. took the troubl...</td>\n",
       "    </tr>\n",
       "    <tr>\n",
       "      <th>19</th>\n",
       "      <td>\"some sort of medieval torture\"</td>\n",
       "      <td>they downgraded me from business to premi...</td>\n",
       "    </tr>\n",
       "    <tr>\n",
       "      <th>20</th>\n",
       "      <td>\"never again ba\"</td>\n",
       "      <td>the already delayed aircraft landed and a...</td>\n",
       "    </tr>\n",
       "    <tr>\n",
       "      <th>21</th>\n",
       "      <td>\"ba gatwick are not ba\"</td>\n",
       "      <td>caught up in the gatwick cancellation fia...</td>\n",
       "    </tr>\n",
       "    <tr>\n",
       "      <th>22</th>\n",
       "      <td>\"boarding flight took an hour\"</td>\n",
       "      <td>ba has a real problem with boarding it's ...</td>\n",
       "    </tr>\n",
       "    <tr>\n",
       "      <th>23</th>\n",
       "      <td>\"our luggage was soaking wet\"</td>\n",
       "      <td>our connecting flight from london to glasgo...</td>\n",
       "    </tr>\n",
       "    <tr>\n",
       "      <th>24</th>\n",
       "      <td>\"the worst airline i have ever flown\"</td>\n",
       "      <td>the worst airline i have ever flown with....</td>\n",
       "    </tr>\n",
       "    <tr>\n",
       "      <th>25</th>\n",
       "      <td>\"excellent service levels\"</td>\n",
       "      <td>excellent service levels, proactive crew ...</td>\n",
       "    </tr>\n",
       "    <tr>\n",
       "      <th>26</th>\n",
       "      <td>\"british airways was absolutely shocking\"</td>\n",
       "      <td>booked a very special holiday for me and my...</td>\n",
       "    </tr>\n",
       "    <tr>\n",
       "      <th>27</th>\n",
       "      <td>\"service was mediocre at best\"</td>\n",
       "      <td>just returned from chicago, flew out 10 days...</td>\n",
       "    </tr>\n",
       "    <tr>\n",
       "      <th>28</th>\n",
       "      <td>\"ba standards continue to decline\"</td>\n",
       "      <td>ba standards continue to decline every tim...</td>\n",
       "    </tr>\n",
       "    <tr>\n",
       "      <th>29</th>\n",
       "      <td>\"won the race to the bottom\"</td>\n",
       "      <td>awful. business class check in queue just a...</td>\n",
       "    </tr>\n",
       "  </tbody>\n",
       "</table>\n",
       "</div>"
      ],
      "text/plain": [
       "                                          Title  \\\n",
       "0        \"angry, disappointed, and unsatisfied\"   \n",
       "1             \"ba now stands for basic airways\"   \n",
       "2               \"a totally unremarkable flight\"   \n",
       "3                    “ba clearly does not care”   \n",
       "4     \"reflect a downward trend of the airline\"   \n",
       "5                    \"one of my better flights\"   \n",
       "6                 \"i would still recommend ba\"    \n",
       "7                   \"the worst experience ever\"   \n",
       "8                 \"an exceptional crew member\"    \n",
       "9                \"even ryanair have more space\"   \n",
       "10          \"in-flight service is usually weak\"   \n",
       "11          \"ba customer service is a disgrace\"   \n",
       "12        \"little concern for customer service\"   \n",
       "13       \"gave up being a full-service airline\"   \n",
       "14                    “i hate british airways!”   \n",
       "15  \"2½ hours before the bags finally arrived\"    \n",
       "16          \"left on your own and nobody cares\"   \n",
       "17               \"club europe is simply a joke\"   \n",
       "18            \"very second rate shoddy airline\"   \n",
       "19              \"some sort of medieval torture\"   \n",
       "20                            \"never again ba\"    \n",
       "21                     \"ba gatwick are not ba\"    \n",
       "22              \"boarding flight took an hour\"    \n",
       "23                \"our luggage was soaking wet\"   \n",
       "24        \"the worst airline i have ever flown\"   \n",
       "25                   \"excellent service levels\"   \n",
       "26    \"british airways was absolutely shocking\"   \n",
       "27               \"service was mediocre at best\"   \n",
       "28           \"ba standards continue to decline\"   \n",
       "29                \"won the race to the bottom\"    \n",
       "\n",
       "                                               Review  \n",
       "0      angry, disappointed, and unsatisfied. my ro...  \n",
       "1       as an infrequent flyer, british airways wa...  \n",
       "2      a totally unremarkable flight, on time, as ...  \n",
       "3        1. ground crew in heathrow left 60 passen...  \n",
       "4       london heathrow to gibraltar on 24th octob...  \n",
       "5      first time flying british airways and i wou...  \n",
       "6      i flew london to cairo and return in octobe...  \n",
       "7      absolutely the worst experience ever.  flew...  \n",
       "8       flew back from malta after scattering our ...  \n",
       "9     cabin luggage had to go to cargo, even when ...  \n",
       "10      i have been using ba for a while now and o...  \n",
       "11       i flew from istanbul to london in busines...  \n",
       "12     i have flow on ba several times since the a...  \n",
       "13       the flight departed over an hour late due...  \n",
       "14       i hate british airways! we get to london ...  \n",
       "15       our ba flight from porto to london heathr...  \n",
       "16     the customer services (call centres etc) ar...  \n",
       "17       i am a frequent flyer with ba and have be...  \n",
       "18     flew with ba to punta cana. took the troubl...  \n",
       "19       they downgraded me from business to premi...  \n",
       "20       the already delayed aircraft landed and a...  \n",
       "21       caught up in the gatwick cancellation fia...  \n",
       "22       ba has a real problem with boarding it's ...  \n",
       "23     our connecting flight from london to glasgo...  \n",
       "24       the worst airline i have ever flown with....  \n",
       "25       excellent service levels, proactive crew ...  \n",
       "26     booked a very special holiday for me and my...  \n",
       "27    just returned from chicago, flew out 10 days...  \n",
       "28      ba standards continue to decline every tim...  \n",
       "29     awful. business class check in queue just a...  "
      ]
     },
     "execution_count": 10,
     "metadata": {},
     "output_type": "execute_result"
    }
   ],
   "source": [
    "df.head(30)"
   ]
  },
  {
   "cell_type": "code",
   "execution_count": 20,
   "id": "1091ff9a",
   "metadata": {},
   "outputs": [],
   "source": [
    "import nltk"
   ]
  },
  {
   "cell_type": "code",
   "execution_count": 24,
   "id": "c042d9b2",
   "metadata": {},
   "outputs": [
    {
     "name": "stderr",
     "output_type": "stream",
     "text": [
      "[nltk_data] Downloading package punkt to\n",
      "[nltk_data]     /Users/souravmohile/nltk_data...\n",
      "[nltk_data]   Unzipping tokenizers/punkt.zip.\n"
     ]
    },
    {
     "data": {
      "text/plain": [
       "True"
      ]
     },
     "execution_count": 24,
     "metadata": {},
     "output_type": "execute_result"
    }
   ],
   "source": [
    "nltk.download('punkt')"
   ]
  },
  {
   "cell_type": "code",
   "execution_count": 43,
   "id": "f440f41d",
   "metadata": {},
   "outputs": [
    {
     "name": "stderr",
     "output_type": "stream",
     "text": [
      "[nltk_data] Downloading package vader_lexicon to\n",
      "[nltk_data]     /Users/souravmohile/nltk_data...\n"
     ]
    },
    {
     "data": {
      "text/plain": [
       "True"
      ]
     },
     "execution_count": 43,
     "metadata": {},
     "output_type": "execute_result"
    }
   ],
   "source": [
    "nltk.download('vader_lexicon')"
   ]
  },
  {
   "cell_type": "code",
   "execution_count": 56,
   "id": "1039425a",
   "metadata": {},
   "outputs": [],
   "source": [
    "import pprint"
   ]
  },
  {
   "cell_type": "code",
   "execution_count": 44,
   "id": "05bd7894",
   "metadata": {},
   "outputs": [],
   "source": [
    "from nltk.sentiment import SentimentIntensityAnalyzer \n",
    "sia = SentimentIntensityAnalyzer()\n"
   ]
  },
  {
   "cell_type": "code",
   "execution_count": 79,
   "id": "a1e56997",
   "metadata": {},
   "outputs": [],
   "source": [
    "results = {}\n",
    "num = 0\n",
    "for i in df[\"Review\"]:\n",
    "    num += 1\n",
    "    result = sia.polarity_scores(i)\n",
    "    results[num] = result\n"
   ]
  },
  {
   "cell_type": "code",
   "execution_count": 80,
   "id": "e76a675c",
   "metadata": {},
   "outputs": [
    {
     "data": {
      "text/plain": [
       "{1: {'neg': 0.104, 'neu': 0.811, 'pos': 0.085, 'compound': -0.4118},\n",
       " 2: {'neg': 0.058, 'neu': 0.885, 'pos': 0.057, 'compound': -0.0989},\n",
       " 3: {'neg': 0.175, 'neu': 0.779, 'pos': 0.046, 'compound': -0.6042},\n",
       " 4: {'neg': 0.117, 'neu': 0.848, 'pos': 0.035, 'compound': -0.96},\n",
       " 5: {'neg': 0.067, 'neu': 0.861, 'pos': 0.072, 'compound': 0.3763},\n",
       " 6: {'neg': 0.0, 'neu': 0.577, 'pos': 0.423, 'compound': 0.9613},\n",
       " 7: {'neg': 0.073, 'neu': 0.728, 'pos': 0.199, 'compound': 0.9659},\n",
       " 8: {'neg': 0.215, 'neu': 0.763, 'pos': 0.022, 'compound': -0.9903},\n",
       " 9: {'neg': 0.041, 'neu': 0.748, 'pos': 0.211, 'compound': 0.9628},\n",
       " 10: {'neg': 0.047, 'neu': 0.809, 'pos': 0.144, 'compound': 0.6786},\n",
       " 11: {'neg': 0.039, 'neu': 0.88, 'pos': 0.081, 'compound': 0.5957},\n",
       " 12: {'neg': 0.133, 'neu': 0.828, 'pos': 0.039, 'compound': -0.9248},\n",
       " 13: {'neg': 0.024, 'neu': 0.902, 'pos': 0.074, 'compound': 0.8588},\n",
       " 14: {'neg': 0.096, 'neu': 0.878, 'pos': 0.026, 'compound': -0.7717},\n",
       " 15: {'neg': 0.145, 'neu': 0.855, 'pos': 0.0, 'compound': -0.8955},\n",
       " 16: {'neg': 0.052, 'neu': 0.891, 'pos': 0.057, 'compound': -0.6294},\n",
       " 17: {'neg': 0.081, 'neu': 0.865, 'pos': 0.055, 'compound': -0.7932},\n",
       " 18: {'neg': 0.05, 'neu': 0.784, 'pos': 0.166, 'compound': 0.9882},\n",
       " 19: {'neg': 0.059, 'neu': 0.922, 'pos': 0.019, 'compound': -0.6127},\n",
       " 20: {'neg': 0.15, 'neu': 0.767, 'pos': 0.083, 'compound': -0.9273},\n",
       " 21: {'neg': 0.107, 'neu': 0.844, 'pos': 0.048, 'compound': -0.8614},\n",
       " 22: {'neg': 0.035, 'neu': 0.874, 'pos': 0.09, 'compound': 0.8674},\n",
       " 23: {'neg': 0.069, 'neu': 0.907, 'pos': 0.024, 'compound': -0.5844},\n",
       " 24: {'neg': 0.058, 'neu': 0.942, 'pos': 0.0, 'compound': -0.4588},\n",
       " 25: {'neg': 0.142, 'neu': 0.787, 'pos': 0.071, 'compound': -0.5924},\n",
       " 26: {'neg': 0.0, 'neu': 0.67, 'pos': 0.33, 'compound': 0.9939},\n",
       " 27: {'neg': 0.074, 'neu': 0.844, 'pos': 0.082, 'compound': 0.7855},\n",
       " 28: {'neg': 0.111, 'neu': 0.716, 'pos': 0.173, 'compound': 0.8441},\n",
       " 29: {'neg': 0.11, 'neu': 0.82, 'pos': 0.07, 'compound': -0.6428},\n",
       " 30: {'neg': 0.156, 'neu': 0.759, 'pos': 0.085, 'compound': -0.7866},\n",
       " 31: {'neg': 0.066, 'neu': 0.898, 'pos': 0.036, 'compound': -0.6281},\n",
       " 32: {'neg': 0.083, 'neu': 0.88, 'pos': 0.037, 'compound': -0.7424},\n",
       " 33: {'neg': 0.122, 'neu': 0.812, 'pos': 0.066, 'compound': -0.9299},\n",
       " 34: {'neg': 0.201, 'neu': 0.799, 'pos': 0.0, 'compound': -0.8899},\n",
       " 35: {'neg': 0.158, 'neu': 0.831, 'pos': 0.012, 'compound': -0.983},\n",
       " 36: {'neg': 0.041, 'neu': 0.89, 'pos': 0.069, 'compound': 0.6833},\n",
       " 37: {'neg': 0.066, 'neu': 0.907, 'pos': 0.027, 'compound': -0.8689},\n",
       " 38: {'neg': 0.13, 'neu': 0.84, 'pos': 0.03, 'compound': -0.9755},\n",
       " 39: {'neg': 0.151, 'neu': 0.802, 'pos': 0.047, 'compound': -0.958},\n",
       " 40: {'neg': 0.132, 'neu': 0.779, 'pos': 0.089, 'compound': -0.9348},\n",
       " 41: {'neg': 0.106, 'neu': 0.862, 'pos': 0.031, 'compound': -0.8481},\n",
       " 42: {'neg': 0.104, 'neu': 0.871, 'pos': 0.025, 'compound': -0.6366},\n",
       " 43: {'neg': 0.0, 'neu': 0.898, 'pos': 0.102, 'compound': 0.8126},\n",
       " 44: {'neg': 0.139, 'neu': 0.861, 'pos': 0.0, 'compound': -0.743},\n",
       " 45: {'neg': 0.052, 'neu': 0.909, 'pos': 0.039, 'compound': -0.3506},\n",
       " 46: {'neg': 0.142, 'neu': 0.812, 'pos': 0.046, 'compound': -0.9877},\n",
       " 47: {'neg': 0.0, 'neu': 0.827, 'pos': 0.173, 'compound': 0.9523},\n",
       " 48: {'neg': 0.309, 'neu': 0.691, 'pos': 0.0, 'compound': -0.9502},\n",
       " 49: {'neg': 0.268, 'neu': 0.732, 'pos': 0.0, 'compound': -0.8591},\n",
       " 50: {'neg': 0.198, 'neu': 0.702, 'pos': 0.1, 'compound': -0.2698},\n",
       " 51: {'neg': 0.087, 'neu': 0.85, 'pos': 0.064, 'compound': -0.837},\n",
       " 52: {'neg': 0.026, 'neu': 0.891, 'pos': 0.083, 'compound': 0.7218},\n",
       " 53: {'neg': 0.015, 'neu': 0.851, 'pos': 0.134, 'compound': 0.9698},\n",
       " 54: {'neg': 0.144, 'neu': 0.712, 'pos': 0.144, 'compound': -0.0752},\n",
       " 55: {'neg': 0.157, 'neu': 0.758, 'pos': 0.085, 'compound': -0.9475},\n",
       " 56: {'neg': 0.142, 'neu': 0.808, 'pos': 0.051, 'compound': -0.931},\n",
       " 57: {'neg': 0.112, 'neu': 0.757, 'pos': 0.131, 'compound': 0.7147},\n",
       " 58: {'neg': 0.072, 'neu': 0.851, 'pos': 0.076, 'compound': 0.6692},\n",
       " 59: {'neg': 0.091, 'neu': 0.873, 'pos': 0.036, 'compound': -0.8942},\n",
       " 60: {'neg': 0.037, 'neu': 0.934, 'pos': 0.029, 'compound': -0.7449},\n",
       " 61: {'neg': 0.154, 'neu': 0.755, 'pos': 0.091, 'compound': -0.5574},\n",
       " 62: {'neg': 0.143, 'neu': 0.845, 'pos': 0.012, 'compound': -0.9313},\n",
       " 63: {'neg': 0.117, 'neu': 0.868, 'pos': 0.015, 'compound': -0.8268},\n",
       " 64: {'neg': 0.073, 'neu': 0.913, 'pos': 0.014, 'compound': -0.891},\n",
       " 65: {'neg': 0.018, 'neu': 0.885, 'pos': 0.097, 'compound': 0.9206},\n",
       " 66: {'neg': 0.137, 'neu': 0.788, 'pos': 0.075, 'compound': -0.7076},\n",
       " 67: {'neg': 0.079, 'neu': 0.921, 'pos': 0.0, 'compound': -0.5106},\n",
       " 68: {'neg': 0.078, 'neu': 0.855, 'pos': 0.067, 'compound': 0.0},\n",
       " 69: {'neg': 0.066, 'neu': 0.764, 'pos': 0.17, 'compound': 0.9754},\n",
       " 70: {'neg': 0.064, 'neu': 0.724, 'pos': 0.211, 'compound': 0.9469},\n",
       " 71: {'neg': 0.042, 'neu': 0.877, 'pos': 0.08, 'compound': 0.5719},\n",
       " 72: {'neg': 0.166, 'neu': 0.788, 'pos': 0.045, 'compound': -0.725},\n",
       " 73: {'neg': 0.0, 'neu': 0.752, 'pos': 0.248, 'compound': 0.9446},\n",
       " 74: {'neg': 0.242, 'neu': 0.758, 'pos': 0.0, 'compound': -0.9019},\n",
       " 75: {'neg': 0.109, 'neu': 0.797, 'pos': 0.094, 'compound': -0.4027},\n",
       " 76: {'neg': 0.145, 'neu': 0.815, 'pos': 0.04, 'compound': -0.7269},\n",
       " 77: {'neg': 0.233, 'neu': 0.767, 'pos': 0.0, 'compound': -0.7579},\n",
       " 78: {'neg': 0.014, 'neu': 0.754, 'pos': 0.232, 'compound': 0.9927},\n",
       " 79: {'neg': 0.079, 'neu': 0.792, 'pos': 0.129, 'compound': 0.5709},\n",
       " 80: {'neg': 0.058, 'neu': 0.742, 'pos': 0.2, 'compound': 0.9708},\n",
       " 81: {'neg': 0.068, 'neu': 0.872, 'pos': 0.061, 'compound': -0.2263},\n",
       " 82: {'neg': 0.04, 'neu': 0.93, 'pos': 0.03, 'compound': -0.4365},\n",
       " 83: {'neg': 0.189, 'neu': 0.758, 'pos': 0.053, 'compound': -0.8384},\n",
       " 84: {'neg': 0.132, 'neu': 0.802, 'pos': 0.066, 'compound': -0.3818},\n",
       " 85: {'neg': 0.102, 'neu': 0.866, 'pos': 0.031, 'compound': -0.944},\n",
       " 86: {'neg': 0.079, 'neu': 0.906, 'pos': 0.015, 'compound': -0.8981},\n",
       " 87: {'neg': 0.073, 'neu': 0.851, 'pos': 0.076, 'compound': 0.32},\n",
       " 88: {'neg': 0.077, 'neu': 0.855, 'pos': 0.068, 'compound': 0.2598},\n",
       " 89: {'neg': 0.034, 'neu': 0.722, 'pos': 0.244, 'compound': 0.9841},\n",
       " 90: {'neg': 0.0, 'neu': 0.808, 'pos': 0.192, 'compound': 0.9723},\n",
       " 91: {'neg': 0.087, 'neu': 0.794, 'pos': 0.118, 'compound': 0.7641},\n",
       " 92: {'neg': 0.1, 'neu': 0.835, 'pos': 0.065, 'compound': -0.7497},\n",
       " 93: {'neg': 0.064, 'neu': 0.511, 'pos': 0.424, 'compound': 0.9808},\n",
       " 94: {'neg': 0.132, 'neu': 0.789, 'pos': 0.08, 'compound': -0.6936},\n",
       " 95: {'neg': 0.125, 'neu': 0.875, 'pos': 0.0, 'compound': -0.7063},\n",
       " 96: {'neg': 0.036, 'neu': 0.887, 'pos': 0.077, 'compound': 0.919},\n",
       " 97: {'neg': 0.064, 'neu': 0.886, 'pos': 0.05, 'compound': -0.4486},\n",
       " 98: {'neg': 0.087, 'neu': 0.886, 'pos': 0.027, 'compound': -0.9281},\n",
       " 99: {'neg': 0.037, 'neu': 0.849, 'pos': 0.114, 'compound': 0.4404},\n",
       " 100: {'neg': 0.062, 'neu': 0.884, 'pos': 0.053, 'compound': -0.2558},\n",
       " 101: {'neg': 0.173, 'neu': 0.786, 'pos': 0.041, 'compound': -0.9124},\n",
       " 102: {'neg': 0.122, 'neu': 0.768, 'pos': 0.11, 'compound': 0.0258},\n",
       " 103: {'neg': 0.172, 'neu': 0.693, 'pos': 0.134, 'compound': -0.4903},\n",
       " 104: {'neg': 0.0, 'neu': 0.78, 'pos': 0.22, 'compound': 0.765},\n",
       " 105: {'neg': 0.0, 'neu': 0.957, 'pos': 0.043, 'compound': 0.2584},\n",
       " 106: {'neg': 0.094, 'neu': 0.889, 'pos': 0.016, 'compound': -0.9704},\n",
       " 107: {'neg': 0.074, 'neu': 0.889, 'pos': 0.037, 'compound': -0.876},\n",
       " 108: {'neg': 0.094, 'neu': 0.864, 'pos': 0.042, 'compound': -0.7304},\n",
       " 109: {'neg': 0.075, 'neu': 0.892, 'pos': 0.032, 'compound': -0.705},\n",
       " 110: {'neg': 0.079, 'neu': 0.91, 'pos': 0.011, 'compound': -0.799},\n",
       " 111: {'neg': 0.036, 'neu': 0.922, 'pos': 0.042, 'compound': 0.7184},\n",
       " 112: {'neg': 0.104, 'neu': 0.896, 'pos': 0.0, 'compound': -0.7096},\n",
       " 113: {'neg': 0.128, 'neu': 0.842, 'pos': 0.03, 'compound': -0.5849},\n",
       " 114: {'neg': 0.047, 'neu': 0.812, 'pos': 0.141, 'compound': 0.9708},\n",
       " 115: {'neg': 0.274, 'neu': 0.726, 'pos': 0.0, 'compound': -0.8932},\n",
       " 116: {'neg': 0.078, 'neu': 0.861, 'pos': 0.061, 'compound': 0.0516},\n",
       " 117: {'neg': 0.11, 'neu': 0.706, 'pos': 0.184, 'compound': 0.8765},\n",
       " 118: {'neg': 0.078, 'neu': 0.807, 'pos': 0.115, 'compound': 0.882},\n",
       " 119: {'neg': 0.04, 'neu': 0.938, 'pos': 0.022, 'compound': -0.5519},\n",
       " 120: {'neg': 0.11, 'neu': 0.863, 'pos': 0.027, 'compound': -0.7644},\n",
       " 121: {'neg': 0.056, 'neu': 0.81, 'pos': 0.134, 'compound': 0.7096},\n",
       " 122: {'neg': 0.082, 'neu': 0.832, 'pos': 0.086, 'compound': 0.1189},\n",
       " 123: {'neg': 0.161, 'neu': 0.725, 'pos': 0.114, 'compound': -0.9543},\n",
       " 124: {'neg': 0.292, 'neu': 0.672, 'pos': 0.036, 'compound': -0.9493},\n",
       " 125: {'neg': 0.125, 'neu': 0.875, 'pos': 0.0, 'compound': -0.6908},\n",
       " 126: {'neg': 0.101, 'neu': 0.832, 'pos': 0.067, 'compound': -0.323},\n",
       " 127: {'neg': 0.053, 'neu': 0.904, 'pos': 0.044, 'compound': -0.2996},\n",
       " 128: {'neg': 0.1, 'neu': 0.9, 'pos': 0.0, 'compound': -0.8476},\n",
       " 129: {'neg': 0.041, 'neu': 0.924, 'pos': 0.034, 'compound': -0.25},\n",
       " 130: {'neg': 0.084, 'neu': 0.856, 'pos': 0.06, 'compound': -0.739},\n",
       " 131: {'neg': 0.0, 'neu': 0.666, 'pos': 0.334, 'compound': 0.9903},\n",
       " 132: {'neg': 0.083, 'neu': 0.917, 'pos': 0.0, 'compound': -0.7841},\n",
       " 133: {'neg': 0.18, 'neu': 0.795, 'pos': 0.025, 'compound': -0.8957},\n",
       " 134: {'neg': 0.185, 'neu': 0.815, 'pos': 0.0, 'compound': -0.91},\n",
       " 135: {'neg': 0.156, 'neu': 0.844, 'pos': 0.0, 'compound': -0.765},\n",
       " 136: {'neg': 0.151, 'neu': 0.804, 'pos': 0.045, 'compound': -0.7717},\n",
       " 137: {'neg': 0.08, 'neu': 0.92, 'pos': 0.0, 'compound': -0.804},\n",
       " 138: {'neg': 0.058, 'neu': 0.921, 'pos': 0.021, 'compound': -0.9246},\n",
       " 139: {'neg': 0.0, 'neu': 0.625, 'pos': 0.375, 'compound': 0.9795},\n",
       " 140: {'neg': 0.193, 'neu': 0.758, 'pos': 0.049, 'compound': -0.9349},\n",
       " 141: {'neg': 0.091, 'neu': 0.825, 'pos': 0.084, 'compound': -0.8112},\n",
       " 142: {'neg': 0.066, 'neu': 0.88, 'pos': 0.054, 'compound': -0.0516},\n",
       " 143: {'neg': 0.0, 'neu': 0.702, 'pos': 0.298, 'compound': 0.8479},\n",
       " 144: {'neg': 0.1, 'neu': 0.827, 'pos': 0.073, 'compound': -0.1289},\n",
       " 145: {'neg': 0.058, 'neu': 0.808, 'pos': 0.134, 'compound': 0.9763},\n",
       " 146: {'neg': 0.193, 'neu': 0.751, 'pos': 0.056, 'compound': -0.9746},\n",
       " 147: {'neg': 0.156, 'neu': 0.834, 'pos': 0.01, 'compound': -0.9668},\n",
       " 148: {'neg': 0.171, 'neu': 0.746, 'pos': 0.083, 'compound': -0.789},\n",
       " 149: {'neg': 0.085, 'neu': 0.891, 'pos': 0.025, 'compound': -0.7011},\n",
       " 150: {'neg': 0.04, 'neu': 0.808, 'pos': 0.152, 'compound': 0.8898},\n",
       " 151: {'neg': 0.084, 'neu': 0.788, 'pos': 0.128, 'compound': 0.8782},\n",
       " 152: {'neg': 0.096, 'neu': 0.881, 'pos': 0.024, 'compound': -0.7894},\n",
       " 153: {'neg': 0.114, 'neu': 0.869, 'pos': 0.017, 'compound': -0.9824},\n",
       " 154: {'neg': 0.113, 'neu': 0.851, 'pos': 0.036, 'compound': -0.5719},\n",
       " 155: {'neg': 0.177, 'neu': 0.823, 'pos': 0.0, 'compound': -0.8519},\n",
       " 156: {'neg': 0.161, 'neu': 0.781, 'pos': 0.058, 'compound': -0.868},\n",
       " 157: {'neg': 0.101, 'neu': 0.813, 'pos': 0.086, 'compound': -0.4487},\n",
       " 158: {'neg': 0.069, 'neu': 0.903, 'pos': 0.027, 'compound': -0.9455},\n",
       " 159: {'neg': 0.11, 'neu': 0.842, 'pos': 0.049, 'compound': -0.7476},\n",
       " 160: {'neg': 0.11, 'neu': 0.866, 'pos': 0.023, 'compound': -0.8604},\n",
       " 161: {'neg': 0.166, 'neu': 0.834, 'pos': 0.0, 'compound': -0.8537},\n",
       " 162: {'neg': 0.052, 'neu': 0.677, 'pos': 0.27, 'compound': 0.9714},\n",
       " 163: {'neg': 0.096, 'neu': 0.866, 'pos': 0.038, 'compound': -0.8055},\n",
       " 164: {'neg': 0.099, 'neu': 0.763, 'pos': 0.138, 'compound': 0.1015},\n",
       " 165: {'neg': 0.152, 'neu': 0.798, 'pos': 0.049, 'compound': -0.96},\n",
       " 166: {'neg': 0.14, 'neu': 0.768, 'pos': 0.093, 'compound': -0.851},\n",
       " 167: {'neg': 0.053, 'neu': 0.856, 'pos': 0.091, 'compound': 0.9176},\n",
       " 168: {'neg': 0.113, 'neu': 0.857, 'pos': 0.031, 'compound': -0.9372},\n",
       " 169: {'neg': 0.037, 'neu': 0.95, 'pos': 0.013, 'compound': -0.5883},\n",
       " 170: {'neg': 0.32, 'neu': 0.68, 'pos': 0.0, 'compound': -0.9392},\n",
       " 171: {'neg': 0.116, 'neu': 0.819, 'pos': 0.065, 'compound': -0.5033},\n",
       " 172: {'neg': 0.181, 'neu': 0.758, 'pos': 0.062, 'compound': -0.8984},\n",
       " 173: {'neg': 0.071, 'neu': 0.743, 'pos': 0.186, 'compound': 0.8802},\n",
       " 174: {'neg': 0.121, 'neu': 0.824, 'pos': 0.055, 'compound': -0.7097},\n",
       " 175: {'neg': 0.044, 'neu': 0.916, 'pos': 0.04, 'compound': 0.1655},\n",
       " 176: {'neg': 0.182, 'neu': 0.758, 'pos': 0.06, 'compound': -0.9148},\n",
       " 177: {'neg': 0.016, 'neu': 0.8, 'pos': 0.183, 'compound': 0.9615},\n",
       " 178: {'neg': 0.18, 'neu': 0.76, 'pos': 0.06, 'compound': -0.9601},\n",
       " 179: {'neg': 0.213, 'neu': 0.764, 'pos': 0.023, 'compound': -0.9747},\n",
       " 180: {'neg': 0.055, 'neu': 0.877, 'pos': 0.069, 'compound': 0.2635},\n",
       " 181: {'neg': 0.071, 'neu': 0.703, 'pos': 0.226, 'compound': 0.9878},\n",
       " 182: {'neg': 0.085, 'neu': 0.677, 'pos': 0.238, 'compound': 0.998},\n",
       " 183: {'neg': 0.11, 'neu': 0.88, 'pos': 0.01, 'compound': -0.9669},\n",
       " 184: {'neg': 0.086, 'neu': 0.842, 'pos': 0.073, 'compound': -0.1935},\n",
       " 185: {'neg': 0.026, 'neu': 0.904, 'pos': 0.07, 'compound': 0.4588},\n",
       " 186: {'neg': 0.139, 'neu': 0.778, 'pos': 0.083, 'compound': -0.674},\n",
       " 187: {'neg': 0.101, 'neu': 0.889, 'pos': 0.01, 'compound': -0.8841},\n",
       " 188: {'neg': 0.101, 'neu': 0.885, 'pos': 0.014, 'compound': -0.9554},\n",
       " 189: {'neg': 0.132, 'neu': 0.809, 'pos': 0.06, 'compound': -0.9443},\n",
       " 190: {'neg': 0.221, 'neu': 0.779, 'pos': 0.0, 'compound': -0.848},\n",
       " 191: {'neg': 0.014, 'neu': 0.871, 'pos': 0.116, 'compound': 0.9739},\n",
       " 192: {'neg': 0.117, 'neu': 0.883, 'pos': 0.0, 'compound': -0.7351},\n",
       " 193: {'neg': 0.078, 'neu': 0.849, 'pos': 0.072, 'compound': -0.0616},\n",
       " 194: {'neg': 0.121, 'neu': 0.838, 'pos': 0.041, 'compound': -0.6808},\n",
       " 195: {'neg': 0.142, 'neu': 0.837, 'pos': 0.021, 'compound': -0.8957},\n",
       " 196: {'neg': 0.102, 'neu': 0.738, 'pos': 0.161, 'compound': 0.9927},\n",
       " 197: {'neg': 0.125, 'neu': 0.819, 'pos': 0.057, 'compound': -0.9275},\n",
       " 198: {'neg': 0.174, 'neu': 0.765, 'pos': 0.061, 'compound': -0.743},\n",
       " 199: {'neg': 0.116, 'neu': 0.859, 'pos': 0.025, 'compound': -0.8608},\n",
       " 200: {'neg': 0.147, 'neu': 0.8, 'pos': 0.053, 'compound': -0.9253},\n",
       " 201: {'neg': 0.106, 'neu': 0.84, 'pos': 0.054, 'compound': -0.986},\n",
       " 202: {'neg': 0.029, 'neu': 0.971, 'pos': 0.0, 'compound': -0.7184},\n",
       " 203: {'neg': 0.179, 'neu': 0.77, 'pos': 0.051, 'compound': -0.9241},\n",
       " 204: {'neg': 0.055, 'neu': 0.912, 'pos': 0.034, 'compound': -0.7076},\n",
       " 205: {'neg': 0.029, 'neu': 0.935, 'pos': 0.036, 'compound': 0.09},\n",
       " 206: {'neg': 0.038, 'neu': 0.711, 'pos': 0.251, 'compound': 0.9624},\n",
       " 207: {'neg': 0.034, 'neu': 0.942, 'pos': 0.024, 'compound': -0.4932},\n",
       " 208: {'neg': 0.06, 'neu': 0.932, 'pos': 0.008, 'compound': -0.7579},\n",
       " 209: {'neg': 0.146, 'neu': 0.754, 'pos': 0.1, 'compound': -0.771},\n",
       " 210: {'neg': 0.051, 'neu': 0.686, 'pos': 0.263, 'compound': 0.9455},\n",
       " 211: {'neg': 0.105, 'neu': 0.774, 'pos': 0.122, 'compound': 0.4985},\n",
       " 212: {'neg': 0.092, 'neu': 0.874, 'pos': 0.034, 'compound': -0.796},\n",
       " 213: {'neg': 0.067, 'neu': 0.751, 'pos': 0.181, 'compound': 0.6597},\n",
       " 214: {'neg': 0.104, 'neu': 0.747, 'pos': 0.149, 'compound': 0.7104},\n",
       " 215: {'neg': 0.0, 'neu': 0.796, 'pos': 0.204, 'compound': 0.8895},\n",
       " 216: {'neg': 0.076, 'neu': 0.761, 'pos': 0.163, 'compound': 0.6249},\n",
       " 217: {'neg': 0.242, 'neu': 0.702, 'pos': 0.057, 'compound': -0.7579},\n",
       " 218: {'neg': 0.035, 'neu': 0.882, 'pos': 0.083, 'compound': 0.7346},\n",
       " 219: {'neg': 0.052, 'neu': 0.787, 'pos': 0.161, 'compound': 0.9173},\n",
       " 220: {'neg': 0.064, 'neu': 0.893, 'pos': 0.043, 'compound': -0.7745},\n",
       " 221: {'neg': 0.041, 'neu': 0.78, 'pos': 0.178, 'compound': 0.8856},\n",
       " 222: {'neg': 0.097, 'neu': 0.798, 'pos': 0.105, 'compound': 0.128},\n",
       " 223: {'neg': 0.032, 'neu': 0.65, 'pos': 0.318, 'compound': 0.9564},\n",
       " 224: {'neg': 0.023, 'neu': 0.788, 'pos': 0.189, 'compound': 0.993},\n",
       " 225: {'neg': 0.023, 'neu': 0.809, 'pos': 0.168, 'compound': 0.9933},\n",
       " 226: {'neg': 0.0, 'neu': 0.605, 'pos': 0.395, 'compound': 0.9371},\n",
       " 227: {'neg': 0.095, 'neu': 0.817, 'pos': 0.088, 'compound': -0.098},\n",
       " 228: {'neg': 0.203, 'neu': 0.578, 'pos': 0.219, 'compound': 0.3774},\n",
       " 229: {'neg': 0.093, 'neu': 0.854, 'pos': 0.054, 'compound': -0.2374},\n",
       " 230: {'neg': 0.019, 'neu': 0.815, 'pos': 0.166, 'compound': 0.7962},\n",
       " 231: {'neg': 0.0, 'neu': 0.843, 'pos': 0.157, 'compound': 0.4404},\n",
       " 232: {'neg': 0.013, 'neu': 0.839, 'pos': 0.148, 'compound': 0.9131},\n",
       " 233: {'neg': 0.079, 'neu': 0.894, 'pos': 0.027, 'compound': -0.891},\n",
       " 234: {'neg': 0.078, 'neu': 0.922, 'pos': 0.0, 'compound': -0.6808},\n",
       " 235: {'neg': 0.043, 'neu': 0.881, 'pos': 0.075, 'compound': 0.8351},\n",
       " 236: {'neg': 0.111, 'neu': 0.772, 'pos': 0.116, 'compound': 0.3597},\n",
       " 237: {'neg': 0.019, 'neu': 0.72, 'pos': 0.261, 'compound': 0.9612},\n",
       " 238: {'neg': 0.048, 'neu': 0.908, 'pos': 0.044, 'compound': -0.1306},\n",
       " 239: {'neg': 0.069, 'neu': 0.821, 'pos': 0.11, 'compound': 0.7121},\n",
       " 240: {'neg': 0.15, 'neu': 0.821, 'pos': 0.028, 'compound': -0.9845},\n",
       " 241: {'neg': 0.062, 'neu': 0.803, 'pos': 0.135, 'compound': 0.9382},\n",
       " 242: {'neg': 0.055, 'neu': 0.87, 'pos': 0.075, 'compound': 0.3118},\n",
       " 243: {'neg': 0.108, 'neu': 0.882, 'pos': 0.01, 'compound': -0.9941},\n",
       " 244: {'neg': 0.126, 'neu': 0.785, 'pos': 0.088, 'compound': -0.7},\n",
       " 245: {'neg': 0.016, 'neu': 0.863, 'pos': 0.121, 'compound': 0.8074},\n",
       " 246: {'neg': 0.07, 'neu': 0.757, 'pos': 0.173, 'compound': 0.9574},\n",
       " 247: {'neg': 0.109, 'neu': 0.756, 'pos': 0.136, 'compound': 0.4466},\n",
       " 248: {'neg': 0.106, 'neu': 0.826, 'pos': 0.067, 'compound': -0.9118},\n",
       " 249: {'neg': 0.13, 'neu': 0.777, 'pos': 0.094, 'compound': -0.8179},\n",
       " 250: {'neg': 0.074, 'neu': 0.877, 'pos': 0.049, 'compound': -0.5037},\n",
       " 251: {'neg': 0.14, 'neu': 0.834, 'pos': 0.026, 'compound': -0.9965},\n",
       " 252: {'neg': 0.0, 'neu': 0.673, 'pos': 0.327, 'compound': 0.8934},\n",
       " 253: {'neg': 0.115, 'neu': 0.728, 'pos': 0.158, 'compound': 0.9251},\n",
       " 254: {'neg': 0.15, 'neu': 0.832, 'pos': 0.018, 'compound': -0.9535},\n",
       " 255: {'neg': 0.109, 'neu': 0.84, 'pos': 0.051, 'compound': -0.7686},\n",
       " 256: {'neg': 0.17, 'neu': 0.771, 'pos': 0.059, 'compound': -0.936},\n",
       " 257: {'neg': 0.004, 'neu': 0.897, 'pos': 0.099, 'compound': 0.99},\n",
       " 258: {'neg': 0.064, 'neu': 0.919, 'pos': 0.016, 'compound': -0.8151},\n",
       " 259: {'neg': 0.147, 'neu': 0.777, 'pos': 0.076, 'compound': -0.9703},\n",
       " 260: {'neg': 0.198, 'neu': 0.738, 'pos': 0.064, 'compound': -0.9281},\n",
       " 261: {'neg': 0.051, 'neu': 0.722, 'pos': 0.227, 'compound': 0.8932},\n",
       " 262: {'neg': 0.181, 'neu': 0.734, 'pos': 0.085, 'compound': -0.5984},\n",
       " 263: {'neg': 0.021, 'neu': 0.828, 'pos': 0.151, 'compound': 0.9867},\n",
       " 264: {'neg': 0.078, 'neu': 0.849, 'pos': 0.073, 'compound': 0.2669},\n",
       " 265: {'neg': 0.297, 'neu': 0.703, 'pos': 0.0, 'compound': -0.8999},\n",
       " 266: {'neg': 0.058, 'neu': 0.942, 'pos': 0.0, 'compound': -0.5423},\n",
       " 267: {'neg': 0.135, 'neu': 0.815, 'pos': 0.051, 'compound': -0.9202},\n",
       " 268: {'neg': 0.025, 'neu': 0.743, 'pos': 0.233, 'compound': 0.9578},\n",
       " 269: {'neg': 0.096, 'neu': 0.836, 'pos': 0.069, 'compound': -0.4576},\n",
       " 270: {'neg': 0.0, 'neu': 0.734, 'pos': 0.266, 'compound': 0.9799},\n",
       " 271: {'neg': 0.057, 'neu': 0.814, 'pos': 0.129, 'compound': 0.8603},\n",
       " 272: {'neg': 0.0, 'neu': 1.0, 'pos': 0.0, 'compound': 0.0},\n",
       " 273: {'neg': 0.059, 'neu': 0.842, 'pos': 0.099, 'compound': 0.742},\n",
       " 274: {'neg': 0.116, 'neu': 0.855, 'pos': 0.03, 'compound': -0.9462},\n",
       " 275: {'neg': 0.082, 'neu': 0.861, 'pos': 0.057, 'compound': -0.7687},\n",
       " 276: {'neg': 0.27, 'neu': 0.676, 'pos': 0.054, 'compound': -0.8953},\n",
       " 277: {'neg': 0.091, 'neu': 0.859, 'pos': 0.05, 'compound': -0.659},\n",
       " 278: {'neg': 0.064, 'neu': 0.85, 'pos': 0.086, 'compound': 0.4215},\n",
       " 279: {'neg': 0.071, 'neu': 0.894, 'pos': 0.035, 'compound': -0.4939},\n",
       " 280: {'neg': 0.083, 'neu': 0.816, 'pos': 0.101, 'compound': 0.318},\n",
       " 281: {'neg': 0.115, 'neu': 0.835, 'pos': 0.05, 'compound': -0.7579},\n",
       " 282: {'neg': 0.076, 'neu': 0.813, 'pos': 0.111, 'compound': 0.8651},\n",
       " 283: {'neg': 0.055, 'neu': 0.745, 'pos': 0.2, 'compound': 0.9405},\n",
       " 284: {'neg': 0.069, 'neu': 0.648, 'pos': 0.283, 'compound': 0.9305},\n",
       " 285: {'neg': 0.08, 'neu': 0.765, 'pos': 0.154, 'compound': 0.9815},\n",
       " 286: {'neg': 0.094, 'neu': 0.723, 'pos': 0.183, 'compound': 0.6065},\n",
       " 287: {'neg': 0.12, 'neu': 0.862, 'pos': 0.018, 'compound': -0.8776},\n",
       " 288: {'neg': 0.043, 'neu': 0.826, 'pos': 0.131, 'compound': 0.9695},\n",
       " 289: {'neg': 0.131, 'neu': 0.84, 'pos': 0.029, 'compound': -0.9938},\n",
       " 290: {'neg': 0.046, 'neu': 0.859, 'pos': 0.095, 'compound': 0.7046},\n",
       " 291: {'neg': 0.038, 'neu': 0.801, 'pos': 0.161, 'compound': 0.962},\n",
       " 292: {'neg': 0.086, 'neu': 0.788, 'pos': 0.126, 'compound': 0.8534},\n",
       " 293: {'neg': 0.062, 'neu': 0.658, 'pos': 0.28, 'compound': 0.9389},\n",
       " 294: {'neg': 0.025, 'neu': 0.891, 'pos': 0.085, 'compound': 0.659},\n",
       " 295: {'neg': 0.059, 'neu': 0.696, 'pos': 0.246, 'compound': 0.8225},\n",
       " 296: {'neg': 0.114, 'neu': 0.727, 'pos': 0.158, 'compound': 0.4019},\n",
       " 297: {'neg': 0.027, 'neu': 0.781, 'pos': 0.192, 'compound': 0.9912},\n",
       " 298: {'neg': 0.129, 'neu': 0.804, 'pos': 0.067, 'compound': -0.722},\n",
       " 299: {'neg': 0.087, 'neu': 0.806, 'pos': 0.108, 'compound': 0.3818},\n",
       " 300: {'neg': 0.075, 'neu': 0.83, 'pos': 0.095, 'compound': 0.742},\n",
       " 301: {'neg': 0.0, 'neu': 0.865, 'pos': 0.135, 'compound': 0.9464},\n",
       " 302: {'neg': 0.104, 'neu': 0.858, 'pos': 0.038, 'compound': -0.9468},\n",
       " 303: {'neg': 0.041, 'neu': 0.541, 'pos': 0.418, 'compound': 0.9753},\n",
       " 304: {'neg': 0.092, 'neu': 0.795, 'pos': 0.113, 'compound': 0.2963},\n",
       " 305: {'neg': 0.052, 'neu': 0.75, 'pos': 0.198, 'compound': 0.7506},\n",
       " 306: {'neg': 0.0, 'neu': 0.613, 'pos': 0.387, 'compound': 0.8847},\n",
       " 307: {'neg': 0.251, 'neu': 0.749, 'pos': 0.0, 'compound': -0.9246},\n",
